Name: Label, Length: 61, dtype: int64
Model ElasticNet30%Test10CV - Dataset-only normalized lengths - mean.xlsx
Params: [ 0.         -0.          0.          0.         -0.          0.
  0.          0.          0.         -0.         -0.          0.
  0.          0.          0.          0.         -0.          0.
  0.          0.         -0.         -0.          0.         -0.
 -0.          0.          0.         -0.          0.         -0.
 -0.         -0.          0.          0.         -0.         -0.
  0.          0.          0.          0.         -0.00035861  0.
 -0.          0.          0.         -0.          0.          0.
 -0.          0.         -0.         -0.00136588  0.         -0.
  0.          0.         -0.         -0.          0.         -0.
  0.          0.          0.          0.          0.          0.
  0.         -0.         -0.          0.         -0.          0.
  0.          0.          0.          0.          0.          0.
 -0.         -0.          0.          0.          0.         -0.
 -0.         -0.         -0.         -0.         -0.        ]
Test R^2 Predicted:
0.002056178220513738
194    2
183    2
164    2
71     1
82     1
      ..
105    2
36     0
55     0
145    2
92     1
Name: Label, Length: 61, dtype: int64

Model ElasticNet10CV
Params: [ 3.20022108e-01  4.47416724e-02  4.85779162e-04 -1.04741910e-01
  2.67143496e-02 -1.02495641e-01  1.41339335e-01  2.05567710e-01
 -0.00000000e+00 -0.00000000e+00 -6.17902061e-02  6.14515510e-02
  0.00000000e+00  4.97945996e-02  2.48463048e-01  1.68440076e-01
 -6.05397802e-02  8.69850033e-02  2.65242441e-02  2.03945065e-01
 -1.50427196e-02 -1.20238603e-01 -8.19767809e-02 -8.36329064e-02
 -3.32543171e-01  1.52811001e-02  4.04521456e-02 -1.10681831e-01
 -2.22221749e-02 -1.02735895e-01  2.16571161e-02 -1.84527857e-01
 -2.40229113e-02  4.21117069e-02 -7.81288191e-02 -1.57059200e-01
 -1.27096572e-01  7.22357736e-02 -4.56516875e-03 -1.82839527e-02
 -3.71123178e-05 -5.03467913e-02  7.58222677e-02 -6.84660994e-02
 -3.65537955e-02 -5.95506448e-02  0.00000000e+00 -0.00000000e+00
 -7.58600834e-02  6.27379786e-03 -3.18985609e-02 -4.52645037e-02
  1.66829302e-01  2.97264005e-02 -2.24818021e-02 -3.64742561e-02
 -1.97416938e-02 -1.38775188e-01 -2.43615582e-02  5.60773983e-02]
Test R^2 Predicted:
0.37372172549921967
